1	11.390948842702983
25587	0.668179662487773
50305	0.604394696458030
75330	0.604394696458030
100440	0.486461865077445
125400	0.486461865077445
150571	0.486461865077445
175055	0.473435755103765
200206	0.473435755103765
225446	0.449997585402798
250172	0.423463008854014
275330	0.407099787385960
300068	0.381803097644251
325207	0.327217302840609
350202	0.278700684525575
375108	0.278700684525575
400053	0.278700684525575
425098	0.278700684525575
450069	0.278700684525575
475004	0.263876277186228
500003	0.252769178518065
