1	420326.135539278329816
25587	15251.395261251043848
50305	321.995629287986048
75330	10.607501583288297
100440	0.237027863216440
125400	0.004647394498306
150571	0.000069291901752
175055	0.000001282872915
200206	0.000000030294018
225446	0.000000000927741
250172	0.000000000023078
275330	0.000000000000398
300068	0.000000000000057
325207	0.000000000000000
350203	0.000000000000000
375109	0.000000000000000
400054	0.000000000000000
425066	0.000000000000000
450016	0.000000000000000
475014	0.000000000000000
500004	0.000000000000000
