1	95252.208791620156262
5096	815.384689726517763
10163	1.415319253419966
15153	0.001894493748637
20029	0.000002587142092
25093	0.000000011531370
30110	0.000000000081116
35030	0.000000000000909
40077	0.000000000000000
45009	0.000000000000000
50086	0.000000000000000
55016	0.000000000000000
60078	0.000000000000000
65054	0.000000000000000
70001	0.000000000000000
75021	0.000000000000000
80016	0.000000000000000
85019	0.000000000000000
90022	0.000000000000000
95004	0.000000000000000
100000	0.000000000000000
