1	351089.653356737806462
25587	20391.224551421881188
50305	424.693872919998057
75330	9.512975573437245
100440	0.213867390384735
125400	0.002491068468885
150571	0.000037275009390
175055	0.000000847850799
200206	0.000000031269224
225446	0.000000000919044
250172	0.000000000019270
275330	0.000000000000227
300068	0.000000000000000
325207	0.000000000000000
350202	0.000000000000000
375108	0.000000000000000
400053	0.000000000000000
425065	0.000000000000000
450015	0.000000000000000
475014	0.000000000000000
500004	0.000000000000000
