1	69582.269167952239513
25587	1850.463140764959462
50305	156.295613334285235
75330	7.119337383396100
100440	0.896527933256039
125400	0.019631957478396
150571	0.000353735712679
175055	0.000013483008956
200206	0.000000262753815
225446	0.000000001925741
250172	0.000000000005571
275330	0.000000000000000
300068	0.000000000000000
325207	0.000000000000000
350202	0.000000000000000
375108	0.000000000000000
400053	0.000000000000000
425065	0.000000000000000
450015	0.000000000000000
475014	0.000000000000000
500004	0.000000000000000
