1	7611.962399846674998
15371	93.157120198578468
30173	1.982452276928200
45211	1.000117711449604
60347	0.060518621714778
75012	0.000661902633283
90325	0.000006660661882
105244	0.000000048240565
120335	0.000000000278021
135291	0.000000000001819
150102	0.000000000000000
165146	0.000000000000000
180169	0.000000000000000
195001	0.000000000000000
210092	0.000000000000000
225073	0.000000000000000
240029	0.000000000000000
255033	0.000000000000000
270015	0.000000000000000
285013	0.000000000000000
300000	0.000000000000000
