1	20966.285992269051349
25587	209.091022139625466
50305	6.607964370408524
75330	1.172688998229091
100440	0.469929219446499
125400	0.015420343074027
150571	0.000370817254236
175055	0.000007578294571
200206	0.000000097253007
225446	0.000000000913019
250172	0.000000000005059
275330	0.000000000000057
300068	0.000000000000000
325207	0.000000000000000
350202	0.000000000000000
375108	0.000000000000000
400053	0.000000000000000
425065	0.000000000000000
450015	0.000000000000000
475014	0.000000000000000
500004	0.000000000000000
