1	153077.385361319116782
15371	15494.177675648994409
30173	258.568976776778754
45211	3.663794681776380
60347	0.034785339680866
75012	0.000419627123620
90325	0.000003172708830
105244	0.000000018507308
120335	0.000000000072532
135291	0.000000000000909
150102	0.000000000000000
165146	0.000000000000000
180169	0.000000000000000
195001	0.000000000000000
210092	0.000000000000000
225073	0.000000000000000
240029	0.000000000000000
255033	0.000000000000000
270015	0.000000000000000
285013	0.000000000000000
300000	0.000000000000000
