1	153991727.074285358190536
5096	230039.753219810780138
10163	555.188198114492025
15153	0.762146663444582
20029	0.000977037926759
25093	0.000005469608823
30110	0.000000053438271
35030	0.000000000257614
40077	0.000000000001364
45009	0.000000000000000
50086	0.000000000000000
55016	0.000000000000000
60078	0.000000000000000
65054	0.000000000000000
70001	0.000000000000000
75021	0.000000000000000
80016	0.000000000000000
85019	0.000000000000000
90022	0.000000000000000
95004	0.000000000000000
100000	0.000000000000000
